$ANSIBLE_VAULT;1.1;AES256
37643762386538646133356164393761306238393231626333623033373936643136353539366435
6664396366333930363562623632613131336631336331340a373966613138616138393131306234
65386236366132306636353437353434613138636365346561613736613433666435326433666232
3964386434376365380a373239653933306436653661383765646135613835363235343666623865
32366264643537346566313466383134303537616536303936343365623765383537353262643663
34613463326337326262653230306431623531386264396663616439303935623862623531316435
34393137656635366163343065623234376338333161333033633431396434353933636166613934
63303762613539376665326362646232643233633866326565666333303166663430656434346532
32316231363535656236303136363734636130383137313237326637396337306431323666323332
31313665383461326439666331353635643035323237653832653330383766373431306538643163
33353332646663613338383661643732613561343962316464383333373736366234303636303232
33623635363330623365396237666635383939366232396431613463396264393834323631303639
32613635666365663861626233333935636161666632636661346633316138616335343738316538
37393164323863613466636331356133376433363061643638616164626631383931623462336635
383366653032646263373836616366646637
